>> EncDecCyclicCode

gx =

     1     0     1     1


ix =

     0     1     0     1


cx =

     0     1     0     0     1     1     1


vx =

     0     1     1     0     1     1     1


Syndrome =

     0     0     1


syn_dec =

     1


Hns =

     1     0     0     1     1     1     0
     0     1     0     0     1     1     1
     0     0     1     1     1     0     1


Gns =

     1     0     1     1     0     0     0
     1     1     1     0     1     0     0
     1     1     0     0     0     1     0
     0     1     1     0     0     0     1


syntab =

     0     0     0     0     0     0     0
     0     0     1     0     0     0     0
     0     1     0     0     0     0     0
     0     0     0     0     0     0     1
     1     0     0     0     0     0     0
     0     0     0     1     0     0     0
     0     0     0     0     0     1     0
     0     0     0     0     1     0     0


Detected_ext =

     0     0     1     0     0     0     0


Corrected_codeword =

     0     1     0     0     1     1     1

>> 