>> Hamming74Coding

m =

     0     0     0     0
     0     0     0     1
     0     0     1     0
     0     0     1     1
     0     1     0     0
     0     1     0     1
     0     1     1     0
     0     1     1     1
     1     0     0     0
     1     0     0     1
     1     0     1     0
     1     0     1     1
     1     1     0     0
     1     1     0     1
     1     1     1     0
     1     1     1     1

Format:
  m4  m3  m2   p4  m1  p2  p1
b =

     0     0     0     0     0     0     0
     0     0     0     0     1     1     1
     0     0     1     1     0     0     1
     0     0     1     1     1     1     0
     0     1     0     1     0     1     0
     0     1     0     1     1     0     1
     0     1     1     0     0     1     1
     0     1     1     0     1     0     0
     1     0     0     1     0     1     1
     1     0     0     1     1     0     0
     1     0     1     0     0     1     0
     1     0     1     0     1     0     1
     1     1     0     0     0     0     1
     1     1     0     0     1     1     0
     1     1     1     1     0     0     0
     1     1     1     1     1     1     1

Format:
           Message             Parity 
  m4  m3  m2   m1  p4  p2  p1
m_p =

     0     0     0     0     0     0     0
     0     0     0     1     0     1     1
     0     0     1     0     1     0     1
     0     0     1     1     1     1     0
     0     1     0     0     1     1     0
     0     1     0     1     1     0     1
     0     1     1     0     0     1     1
     0     1     1     1     0     0     0
     1     0     0     0     1     1     1
     1     0     0     1     1     0     0
     1     0     1     0     0     1     0
     1     0     1     1     0     0     1
     1     1     0     0     0     0     1
     1     1     0     1     0     1     0
     1     1     1     0     1     0     0
     1     1     1     1     1     1     1

>> 