>> LFSR_CC_ErrorDetection

n =

     7


k =

     4


g =

     1     1     0     1

Decoding LFSR based :

vx =

     1     1     0     1     1     0     1


Shift =

     1


Bf =

     0


B =

     1     0     0


Shift =

     2


Bf =

     0


B =

     0     1     0


Shift =

     3


Bf =

     0


B =

     1     0     1


Shift =

     4


Bf =

     1


B =

     0     0     0


Shift =

     5


Bf =

     0


B =

     0     0     0


Shift =

     6


Bf =

     0


B =

     1     0     0


Shift =

     7


Bf =

     0


B =

     1     1     0


Syndrome =

     1     1     0


OR_of_Syndrome_bits =

     1


Conclusion - Recieved Codeword is errorneous
Shift =

     1


ans =

     1


bf =

     0


b =

     1     0     0     0     0     0     0
     0     0     0     0     1     1     1
     0     0     1     1     0     0     1
     0     0     1     1     1     1     0
     0     1     0     1     0     1     0
     0     1     0     1     1     0     1
     0     1     1     0     0     1     1
     0     1     1     0     1     0     0
     1     0     0     1     0     1     1
     1     0     0     1     1     0     0
     1     0     1     0     0     1     0
     1     0     1     0     1     0     1
     1     1     0     0     0     0     1
     1     1     0     0     1     1     0
     1     1     1     1     0     0     0
     1     1     1     1     1     1     1


d =

     1     0     0     0     0     0     0


c =

     0     0     0     0     0     0     0


Shift =

     2


ans =

     0


bf =

     0


b =

     0     0     0     0     0     0     0
     1     0     0     0     1     1     1
     0     0     1     1     0     0     1
     0     0     1     1     1     1     0
     0     1     0     1     0     1     0
     0     1     0     1     1     0     1
     0     1     1     0     0     1     1
     0     1     1     0     1     0     0
     1     0     0     1     0     1     1
     1     0     0     1     1     0     0
     1     0     1     0     0     1     0
     1     0     1     0     1     0     1
     1     1     0     0     0     0     1
     1     1     0     0     1     1     0
     1     1     1     1     0     0     0
     1     1     1     1     1     1     1


d =

     0     1     0     0     0     0     0


c =

     0     0     0     0     0     0     0


Shift =

     3


ans =

     1


bf =

     0


b =

     1     0     0     0     0     0     0
     0     0     0     0     1     1     1
     1     0     1     1     0     0     1
     0     0     1     1     1     1     0
     0     1     0     1     0     1     0
     0     1     0     1     1     0     1
     0     1     1     0     0     1     1
     0     1     1     0     1     0     0
     1     0     0     1     0     1     1
     1     0     0     1     1     0     0
     1     0     1     0     0     1     0
     1     0     1     0     1     0     1
     1     1     0     0     0     0     1
     1     1     0     0     1     1     0
     1     1     1     1     0     0     0
     1     1     1     1     1     1     1


d =

     1     0     1     0     0     0     0


c =

     0     0     0     0     0     0     0


Shift =

     4


ans =

     1


bf =

     1


b =

     0     0     0     0     0     0     0
     0     0     0     0     1     1     1
     0     0     1     1     0     0     1
     0     0     1     1     1     1     0
     0     1     0     1     0     1     0
     0     1     0     1     1     0     1
     0     1     1     0     0     1     1
     0     1     1     0     1     0     0
     1     0     0     1     0     1     1
     1     0     0     1     1     0     0
     1     0     1     0     0     1     0
     1     0     1     0     1     0     1
     1     1     0     0     0     0     1
     1     1     0     0     1     1     0
     1     1     1     1     0     0     0
     1     1     1     1     1     1     1


d =

     1     1     0     1     0     0     0


c =

     0     0     0     0     0     0     0


Shift =

     5


ans =

     0


bf =

     0


b =

     0     0     0     0     0     0     0
     0     0     0     0     1     1     1
     0     0     1     1     0     0     1
     0     0     1     1     1     1     0
     0     1     0     1     0     1     0
     0     1     0     1     1     0     1
     0     1     1     0     0     1     1
     0     1     1     0     1     0     0
     1     0     0     1     0     1     1
     1     0     0     1     1     0     0
     1     0     1     0     0     1     0
     1     0     1     0     1     0     1
     1     1     0     0     0     0     1
     1     1     0     0     1     1     0
     1     1     1     1     0     0     0
     1     1     1     1     1     1     1


d =

     0     1     1     0     1     0     0


c =

     0     0     0     0     0     0     0


Shift =

     6


ans =

     1


bf =

     0


b =

     1     0     0     0     0     0     0
     0     0     0     0     1     1     1
     0     0     1     1     0     0     1
     0     0     1     1     1     1     0
     0     1     0     1     0     1     0
     0     1     0     1     1     0     1
     0     1     1     0     0     1     1
     0     1     1     0     1     0     0
     1     0     0     1     0     1     1
     1     0     0     1     1     0     0
     1     0     1     0     0     1     0
     1     0     1     0     1     0     1
     1     1     0     0     0     0     1
     1     1     0     0     1     1     0
     1     1     1     1     0     0     0
     1     1     1     1     1     1     1


d =

     1     0     1     1     0     1     0


c =

     0     0     0     0     0     0     0


Shift =

     7


ans =

     1


bf =

     0


b =

     1     0     0     0     0     0     0
     1     0     0     0     1     1     1
     0     0     1     1     0     0     1
     0     0     1     1     1     1     0
     0     1     0     1     0     1     0
     0     1     0     1     1     0     1
     0     1     1     0     0     1     1
     0     1     1     0     1     0     0
     1     0     0     1     0     1     1
     1     0     0     1     1     0     0
     1     0     1     0     0     1     0
     1     0     1     0     1     0     1
     1     1     0     0     0     0     1
     1     1     0     0     1     1     0
     1     1     1     1     0     0     0
     1     1     1     1     1     1     1


d =

     1     1     0     1     1     0     1


c =

     0     0     0     0     0     0     0


Error_Loc =

     1
   113
    76
    60
    42
    90
   102
    22
   105
    25
    37
    85
    67
    51
    15
   127


e =

  Columns 1 through 13

     0     1     0     0     0     0     0     0     0     0     0     0     0

  Columns 14 through 26

     0     0     1     0     0     0     0     0     0     1     0     0     1

  Columns 27 through 39

     0     0     0     0     0     0     0     0     0     0     0     1     0

  Columns 40 through 52

     0     0     0     1     0     0     0     0     0     0     0     0     1

  Columns 53 through 65

     0     0     0     0     0     0     0     0     1     0     0     0     0

  Columns 66 through 78

     0     0     1     0     0     0     0     0     0     0     0     1     0

  Columns 79 through 91

     0     0     0     0     0     0     0     1     0     0     0     0     1

