>> LFSR_CC_LowerOrder

n =

     7

Generator Polynomial : 
g =

     1     1     0     1


k =

     4

Information bits are : 
bin =

     0     1     0     1


Shift =

     1


bf =

     0


b =

     1     0     0     0     0     0     0
     0     0     0     0     1     1     1
     0     0     1     1     0     0     1
     0     0     1     1     1     1     0
     0     1     0     1     0     1     0
     0     1     0     1     1     0     1
     0     1     1     0     0     1     1
     0     1     1     0     1     0     0
     1     0     0     1     0     1     1
     1     0     0     1     1     0     0
     1     0     1     0     0     1     0
     1     0     1     0     1     0     1
     1     1     0     0     0     0     1
     1     1     0     0     1     1     0
     1     1     1     1     0     0     0
     1     1     1     1     1     1     1


d =

     1     0     0


c =

     0     0     0     0     0     0     0


Shift =

     2


bf =

     0


b =

     0     0     0     0     0     0     0
     1     0     0     0     1     1     1
     0     0     1     1     0     0     1
     0     0     1     1     1     1     0
     0     1     0     1     0     1     0
     0     1     0     1     1     0     1
     0     1     1     0     0     1     1
     0     1     1     0     1     0     0
     1     0     0     1     0     1     1
     1     0     0     1     1     0     0
     1     0     1     0     0     1     0
     1     0     1     0     1     0     1
     1     1     0     0     0     0     1
     1     1     0     0     1     1     0
     1     1     1     1     0     0     0
     1     1     1     1     1     1     1


d =

     0     1     0


c =

     0     0     0     0     0     0     0


Shift =

     3


bf =

     0


b =

     1     0     0     0     0     0     0
     0     0     0     0     1     1     1
     1     0     1     1     0     0     1
     0     0     1     1     1     1     0
     0     1     0     1     0     1     0
     0     1     0     1     1     0     1
     0     1     1     0     0     1     1
     0     1     1     0     1     0     0
     1     0     0     1     0     1     1
     1     0     0     1     1     0     0
     1     0     1     0     0     1     0
     1     0     1     0     1     0     1
     1     1     0     0     0     0     1
     1     1     0     0     1     1     0
     1     1     1     1     0     0     0
     1     1     1     1     1     1     1


d =

     1     0     1


c =

     0     0     0     0     0     0     0


Shift =

     4


bf =

     1


b =

     1     0     0     0     0     0     0
     0     0     0     0     1     1     1
     0     0     1     1     0     0     1
     0     0     1     1     1     1     0
     0     1     0     1     0     1     0
     0     1     0     1     1     0     1
     0     1     1     0     0     1     1
     0     1     1     0     1     0     0
     1     0     0     1     0     1     1
     1     0     0     1     1     0     0
     1     0     1     0     0     1     0
     1     0     1     0     1     0     1
     1     1     0     0     0     0     1
     1     1     0     0     1     1     0
     1     1     1     1     0     0     0
     1     1     1     1     1     1     1


d =

     0     1     0


c =

     1     0     0     0     0     0     0


Shift =

     5


bf =

     0


b =

     0     0     0     0     0     0     0
     1     0     0     0     1     1     1
     0     0     1     1     0     0     1
     0     0     1     1     1     1     0
     0     1     0     1     0     1     0
     0     1     0     1     1     0     1
     0     1     1     0     0     1     1
     0     1     1     0     1     0     0
     1     0     0     1     0     1     1
     1     0     0     1     1     0     0
     1     0     1     0     0     1     0
     1     0     1     0     1     0     1
     1     1     0     0     0     0     1
     1     1     0     0     1     1     0
     1     1     1     1     0     0     0
     1     1     1     1     1     1     1


d =

     0     0     1


c =

     0     1     0     0     0     0     0


Shift =

     6


bf =

     0


b =

     0     0     0     0     0     0     0
     0     0     0     0     1     1     1
     1     0     1     1     0     0     1
     0     0     1     1     1     1     0
     0     1     0     1     0     1     0
     0     1     0     1     1     0     1
     0     1     1     0     0     1     1
     0     1     1     0     1     0     0
     1     0     0     1     0     1     1
     1     0     0     1     1     0     0
     1     0     1     0     0     1     0
     1     0     1     0     1     0     1
     1     1     0     0     0     0     1
     1     1     0     0     1     1     0
     1     1     1     1     0     0     0
     1     1     1     1     1     1     1


d =

     0     0     0


c =

     1     0     1     0     0     0     0


Shift =

     7


bf =

     1


b =

     1     0     0     0     0     0     0
     1     0     0     0     1     1     1
     0     0     1     1     0     0     1
     0     0     1     1     1     1     0
     0     1     0     1     0     1     0
     0     1     0     1     1     0     1
     0     1     1     0     0     1     1
     0     1     1     0     1     0     0
     1     0     0     1     0     1     1
     1     0     0     1     1     0     0
     1     0     1     0     0     1     0
     1     0     1     0     1     0     1
     1     1     0     0     0     0     1
     1     1     0     0     1     1     0
     1     1     1     1     0     0     0
     1     1     1     1     1     1     1


d =

     0     0     0


c =

     0     1     0     1     0     0     0


Shift =

     8


b =

     0     0     0     0     0     0     0
     1     0     0     0     1     1     1
     1     0     1     1     0     0     1
     0     0     1     1     1     1     0
     0     1     0     1     0     1     0
     0     1     0     1     1     0     1
     0     1     1     0     0     1     1
     0     1     1     0     1     0     0
     1     0     0     1     0     1     1
     1     0     0     1     1     0     0
     1     0     1     0     0     1     0
     1     0     1     0     1     0     1
     1     1     0     0     0     0     1
     1     1     0     0     1     1     0
     1     1     1     1     0     0     0
     1     1     1     1     1     1     1


d =

     0     0     0


c =

     0     0     1     0     1     0     0


Shift =

     9


b =

     0     0     0     0     0     0     0
     0     0     0     0     1     1     1
     1     0     1     1     0     0     1
     0     0     1     1     1     1     0
     0     1     0     1     0     1     0
     0     1     0     1     1     0     1
     0     1     1     0     0     1     1
     0     1     1     0     1     0     0
     1     0     0     1     0     1     1
     1     0     0     1     1     0     0
     1     0     1     0     0     1     0
     1     0     1     0     1     0     1
     1     1     0     0     0     0     1
     1     1     0     0     1     1     0
     1     1     1     1     0     0     0
     1     1     1     1     1     1     1


d =

     0     0     0


c =

     1     0     0     1     0     1     0


Shift =

    10


