>> StandardArrayDecodeLinearCode
Row 1
std_arr =

     0     0     0     0     0     0     0
     0     1     1     0     0     0     1
     1     1     0     0     0     1     0
     1     0     1     0     0     1     1
     1     1     1     0     1     0     0
     1     0     0     0     1     0     1
     0     0     1     0     1     1     0
     0     1     0     0     1     1     1
     1     0     1     1     0     0     0
     1     1     0     1     0     0     1
     0     1     1     1     0     1     0
     0     0     0     1     0     1     1
     0     1     0     1     1     0     0
     0     0     1     1     1     0     1
     1     0     0     1     1     1     0
     1     1     1     1     1     1     1

Row 2
std_arr =

     0     0     0     0     0     0     1
     0     1     1     0     0     0     0
     1     1     0     0     0     1     1
     1     0     1     0     0     1     0
     1     1     1     0     1     0     1
     1     0     0     0     1     0     0
     0     0     1     0     1     1     1
     0     1     0     0     1     1     0
     1     0     1     1     0     0     1
     1     1     0     1     0     0     0
     0     1     1     1     0     1     1
     0     0     0     1     0     1     0
     0     1     0     1     1     0     1
     0     0     1     1     1     0     0
     1     0     0     1     1     1     1
     1     1     1     1     1     1     0

Row 3
std_arr =

     0     0     0     0     0     1     0
     0     1     1     0     0     1     1
     1     1     0     0     0     0     0
     1     0     1     0     0     0     1
     1     1     1     0     1     1     0
     1     0     0     0     1     1     1
     0     0     1     0     1     0     0
     0     1     0     0     1     0     1
     1     0     1     1     0     1     0
     1     1     0     1     0     1     1
     0     1     1     1     0     0     0
     0     0     0     1     0     0     1
     0     1     0     1     1     1     0
     0     0     1     1     1     1     1
     1     0     0     1     1     0     0
     1     1     1     1     1     0     1

Row 4
std_arr =

     0     0     0     0     1     0     0
     0     1     1     0     1     0     1
     1     1     0     0     1     1     0
     1     0     1     0     1     1     1
     1     1     1     0     0     0     0
     1     0     0     0     0     0     1
     0     0     1     0     0     1     0
     0     1     0     0     0     1     1
     1     0     1     1     1     0     0
     1     1     0     1     1     0     1
     0     1     1     1     1     1     0
     0     0     0     1     1     1     1
     0     1     0     1     0     0     0
     0     0     1     1     0     0     1
     1     0     0     1     0     1     0
     1     1     1     1     0     1     1

Row 5
std_arr =

     0     0     0     1     0     0     0
     0     1     1     1     0     0     1
     1     1     0     1     0     1     0
     1     0     1     1     0     1     1
     1     1     1     1     1     0     0
     1     0     0     1     1     0     1
     0     0     1     1     1     1     0
     0     1     0     1     1     1     1
     1     0     1     0     0     0     0
     1     1     0     0     0     0     1
     0     1     1     0     0     1     0
     0     0     0     0     0     1     1
     0     1     0     0     1     0     0
     0     0     1     0     1     0     1
     1     0     0     0     1     1     0
     1     1     1     0     1     1     1

Row 6
std_arr =

     0     0     1     0     0     0     0
     0     1     0     0     0     0     1
     1     1     1     0     0     1     0
     1     0     0     0     0     1     1
     1     1     0     0     1     0     0
     1     0     1     0     1     0     1
     0     0     0     0     1     1     0
     0     1     1     0     1     1     1
     1     0     0     1     0     0     0
     1     1     1     1     0     0     1
     0     1     0     1     0     1     0
     0     0     1     1     0     1     1
     0     1     1     1     1     0     0
     0     0     0     1     1     0     1
     1     0     1     1     1     1     0
     1     1     0     1     1     1     1

Row 7
std_arr =

     0     1     0     0     0     0     0
     0     0     1     0     0     0     1
     1     0     0     0     0     1     0
     1     1     1     0     0     1     1
     1     0     1     0     1     0     0
     1     1     0     0     1     0     1
     0     1     1     0     1     1     0
     0     0     0     0     1     1     1
     1     1     1     1     0     0     0
     1     0     0     1     0     0     1
     0     0     1     1     0     1     0
     0     1     0     1     0     1     1
     0     0     0     1     1     0     0
     0     1     1     1     1     0     1
     1     1     0     1     1     1     0
     1     0     1     1     1     1     1

Row 8
std_arr =

     1     0     0     0     0     0     0
     1     1     1     0     0     0     1
     0     1     0     0     0     1     0
     0     0     1     0     0     1     1
     0     1     1     0     1     0     0
     0     0     0     0     1     0     1
     1     0     1     0     1     1     0
     1     1     0     0     1     1     1
     0     0     1     1     0     0     0
     0     1     0     1     0     0     1
     1     1     1     1     0     1     0
     1     0     0     1     0     1     1
     1     1     0     1     1     0     0
     1     0     1     1     1     0     1
     0     0     0     1     1     1     0
     0     1     1     1     1     1     1


recdword =

     1     0     1     0     0     0     0


syndrome =

     0     0     0     1     0     0     0


decoded =

     1     0     1     1     0     0     0

>> 